Date,Open,High,Low,Close,Adj Close,Volume
2022-05-03,41.500000,42.060001,40.919998,41.439999,41.439999,2189900
2022-05-04,41.410000,41.759998,40.509998,41.619999,41.619999,1532300
2022-05-05,41.150002,41.779999,39.619999,40.110001,40.110001,2668600
2022-05-06,40.060001,40.490002,39.150002,39.500000,39.500000,1766800
2022-05-09,39.389999,40.860001,38.720001,40.490002,40.490002,3354800
2022-05-10,40.799999,40.799999,39.209999,39.209999,39.209999,2523000
2022-05-11,39.310001,41.200001,38.730000,40.820000,40.820000,3547900
2022-05-12,40.779999,41.619999,39.820000,40.279999,40.279999,2768200
2022-05-13,40.590000,42.480000,40.349998,41.860001,41.860001,2178500
2022-05-16,41.860001,43.009998,41.459999,42.400002,42.400002,2324400
2022-05-17,42.830002,44.349998,42.639999,44.150002,44.150002,2864900
2022-05-18,44.090000,44.090000,42.000000,42.590000,42.590000,2964800
2022-05-19,42.639999,43.049999,41.910000,42.599998,42.599998,3845800
2022-05-20,43.200001,43.490002,42.560001,43.110001,43.110001,1562800
2022-05-23,43.610001,44.220001,43.360001,43.919998,43.919998,1204900
2022-05-24,43.689999,44.169998,43.040001,43.990002,43.990002,2215300
2022-05-25,43.630001,43.840000,42.830002,43.279999,43.279999,1675900
2022-05-26,43.049999,43.720001,42.619999,42.810001,42.810001,1791300
2022-05-27,42.580002,43.130001,42.419998,42.860001,42.860001,2024400
2022-05-30,43.000000,44.340000,42.759998,43.959999,43.959999,2408600
2022-05-31,44.330002,45.500000,44.060001,44.500000,44.500000,4569500
2022-06-01,44.860001,46.200001,43.820000,45.580002,45.580002,3972700
2022-06-02,45.810001,46.220001,45.330002,45.849998,45.849998,1724300
2022-06-03,45.650002,46.680000,45.349998,46.110001,46.110001,2126200
2022-06-06,46.290001,46.959999,45.880001,46.080002,46.080002,1405500
2022-06-07,45.810001,46.250000,44.650002,44.990002,44.990002,2311000
2022-06-08,44.490002,45.500000,44.400002,44.730000,44.730000,1836700
2022-06-09,44.560001,45.200001,44.250000,44.509998,44.509998,1510100
2022-06-10,43.990002,44.730000,43.599998,44.090000,44.090000,1737400
2022-06-13,43.340000,44.060001,41.889999,42.150002,42.150002,2871600
2022-06-14,42.230000,42.599998,40.840000,41.389999,41.389999,1936100
2022-06-15,41.910000,42.070000,40.450001,40.450001,40.450001,2157800
2022-06-17,39.910000,40.080002,37.360001,37.360001,37.360001,4954800
2022-06-20,37.490002,37.700001,36.029999,36.500000,36.500000,3152200
2022-06-21,36.810001,37.750000,36.439999,37.189999,37.189999,2455900
2022-06-22,36.840000,37.209999,36.250000,36.799999,36.799999,2054000
2022-06-23,37.020000,37.860001,36.610001,37.000000,37.000000,1790500
2022-06-24,37.310001,38.200001,36.939999,37.849998,37.849998,1927900
2022-06-27,38.099998,39.500000,37.900002,38.900002,38.900002,2171900
2022-06-28,39.250000,40.110001,39.070000,39.500000,39.500000,1256900
2022-06-29,39.389999,40.209999,38.000000,38.070000,38.070000,1720600
2022-06-30,37.529999,37.939999,37.000000,37.240002,37.240002,2669400
2022-07-01,36.709999,37.599998,36.160000,37.330002,37.330002,2085000
2022-07-04,37.080002,37.500000,36.049999,36.299999,36.299999,1528100
2022-07-05,36.029999,36.150002,34.630001,35.320000,35.320000,2283400
2022-07-06,35.180000,35.240002,33.400002,33.700001,33.700001,2525200
2022-07-07,33.939999,35.799999,33.930000,35.090000,35.090000,2639100
2022-07-08,35.150002,35.389999,34.349998,34.480000,34.480000,1652800
2022-07-11,33.400002,34.279999,33.349998,34.150002,34.150002,1796100
2022-07-12,33.990002,34.590000,33.680000,34.220001,34.220001,1980100
2022-07-13,34.200001,34.799999,33.889999,33.889999,33.889999,1566900
2022-07-14,33.599998,33.889999,32.860001,33.020000,33.020000,1369100
2022-07-15,33.230000,34.779999,32.610001,34.779999,34.779999,2986300
2022-07-18,35.009998,35.480000,33.849998,33.959999,33.959999,1763200
2022-07-19,34.119999,34.730000,34.029999,34.540001,34.540001,1033200
2022-07-20,34.279999,35.000000,34.110001,34.799999,34.799999,1428800
2022-07-21,34.700001,35.070000,34.060001,34.770000,34.770000,1281300
2022-07-22,34.799999,35.230000,33.790001,34.080002,34.080002,1427300
2022-07-25,34.290001,34.450001,33.540001,33.660000,33.660000,1334600
2022-07-26,33.500000,33.849998,33.090000,33.770000,33.770000,1071600
2022-07-27,33.720001,34.500000,33.720001,34.439999,34.439999,1124300
2022-07-28,34.299999,35.200001,34.299999,34.930000,34.930000,1417100
2022-07-29,35.500000,37.549999,34.230000,36.689999,36.689999,4099800
2022-08-01,36.020000,36.119999,34.660000,34.660000,34.660000,2983400
2022-08-02,34.660000,34.930000,34.009998,34.619999,34.619999,1607000
2022-08-03,34.919998,35.470001,34.459999,34.570000,34.570000,1211500
2022-08-04,34.520000,34.750000,33.520000,34.040001,34.040001,2333600
2022-08-05,34.310001,36.000000,34.090000,35.250000,35.250000,1924200
2022-08-08,35.650002,36.099998,35.099998,35.830002,35.830002,1198600
2022-08-09,35.990002,36.619999,35.660000,36.619999,36.619999,1128400
2022-08-10,37.200001,37.349998,36.520000,36.849998,36.849998,1749500
2022-08-11,36.299999,36.299999,35.310001,35.500000,35.500000,2724900
2022-08-12,35.930000,37.189999,35.599998,36.000000,36.000000,2421700
2022-08-15,35.900002,35.900002,34.150002,34.250000,34.250000,2789300
2022-08-16,34.369999,34.549999,34.009998,34.299999,34.299999,1877400
2022-08-17,34.090000,34.639999,34.000000,34.459999,34.459999,2069300
2022-08-18,34.639999,35.070000,34.150002,34.320000,34.320000,1546600
2022-08-19,34.189999,34.290001,33.599998,33.709999,33.709999,1624800
2022-08-22,33.549999,33.549999,32.730000,32.799999,32.799999,1825900
2022-08-23,32.889999,33.450001,32.709999,33.099998,33.099998,1400100
2022-08-24,33.240002,33.270000,32.709999,33.000000,33.000000,1229600
2022-08-25,33.900002,34.000000,33.029999,33.169998,33.169998,1228000
2022-08-26,33.340000,33.520000,32.520000,32.520000,32.520000,1292500
2022-08-29,32.330002,33.320000,31.940001,32.820000,32.820000,1463700
2022-08-30,32.939999,33.669998,32.000000,32.000000,32.000000,1670200
2022-08-31,32.200001,32.240002,30.450001,30.450001,30.450001,5661500
2022-09-01,30.680000,30.680000,29.850000,30.430000,30.430000,2503100
2022-09-02,31.540001,32.869999,31.540001,32.509998,32.509998,4964100
2022-09-05,32.650002,32.959999,32.020000,32.430000,32.430000,1438000
2022-09-06,32.130001,33.250000,31.500000,31.780001,31.780001,2132100
2022-09-08,31.889999,31.889999,30.389999,30.510000,30.510000,2881500
2022-09-09,31.160000,31.320000,30.580000,30.910000,30.910000,1433100
2022-09-12,31.389999,31.990000,30.879999,30.910000,30.910000,1690400
2022-09-13,30.740000,31.070000,29.700001,29.700001,29.700001,2124100
2022-09-14,29.760000,29.969999,28.770000,28.860001,28.860001,2719500
2022-09-15,28.969999,29.660000,28.459999,28.549999,28.549999,2783200
2022-09-16,28.370001,28.879999,28.320000,28.730000,28.730000,2214600
2022-09-19,28.590000,29.860001,28.160000,29.730000,29.730000,4051500
2022-09-20,29.840000,30.070000,29.270000,29.500000,29.500000,2050700
2022-09-21,29.450001,29.730000,29.090000,29.129999,29.129999,1762200
2022-09-22,29.559999,29.940001,29.080000,29.830000,29.830000,2049900
2022-09-23,29.280001,29.350000,28.340000,28.670000,28.670000,2428200
2022-09-26,28.650000,28.760000,27.620001,27.620001,27.620001,2980200
2022-09-27,27.889999,27.900000,27.160000,27.280001,27.280001,1403800
2022-09-28,27.350000,27.719999,26.760000,26.870001,26.870001,2065200
2022-09-29,26.500000,26.750000,25.360001,26.040001,26.040001,3843900
2022-09-30,26.090000,26.680000,25.700001,26.240000,26.240000,2263000
2022-10-03,27.000000,27.620001,26.730000,27.469999,27.469999,2078500
2022-10-04,28.180000,28.530001,27.570000,27.820000,27.820000,1951100
2022-10-05,27.840000,28.180000,27.160000,27.910000,27.910000,2478700
2022-10-06,28.020000,28.389999,27.770000,28.090000,28.090000,2010800
2022-10-07,27.940001,28.370001,27.150000,27.410000,27.410000,2714200
2022-10-10,27.650000,28.280001,27.430000,27.889999,27.889999,1999700
2022-10-11,31.760000,34.299999,30.200001,33.580002,33.580002,18838000
2022-10-13,32.139999,38.480000,32.009998,37.599998,37.599998,21412400
2022-10-14,37.549999,38.900002,35.680000,35.880001,35.880001,9545200
2022-10-17,36.400002,36.759998,34.500000,34.610001,34.610001,4901400
2022-10-18,34.930000,35.980000,34.320000,34.860001,34.860001,3262000
2022-10-19,34.910000,35.470001,34.650002,34.820000,34.820000,1907300
2022-10-20,35.160000,35.450001,33.799999,34.410000,34.410000,2955500
2022-10-21,34.299999,34.740002,33.820000,34.529999,34.529999,2434000
2022-10-24,34.680000,36.000000,33.119999,33.740002,33.740002,4609200
2022-10-25,33.990002,34.430000,33.200001,33.430000,33.430000,2541100
2022-10-26,33.439999,33.619999,32.750000,32.889999,32.889999,1903800
2022-10-27,32.950001,33.099998,32.389999,32.790001,32.790001,2058700
2022-10-28,32.700001,33.360001,31.930000,32.540001,32.540001,1870100
2022-10-31,31.780001,33.709999,31.219999,33.709999,33.709999,4850700
2022-11-01,34.000000,34.049999,32.310001,32.959999,32.959999,2539600
2022-11-03,31.600000,32.630001,31.340000,32.240002,32.240002,2933000
2022-11-04,33.660000,35.080002,32.730000,33.330002,33.330002,7145700
2022-11-07,33.459999,33.980000,32.080002,32.340000,32.340000,2670100
2022-11-08,32.439999,32.439999,31.389999,31.629999,31.629999,2645100
2022-11-09,30.100000,31.490000,29.219999,29.879999,29.879999,5736900
2022-11-10,29.520000,29.770000,28.430000,28.900000,28.900000,3504100
2022-11-11,29.049999,32.000000,29.049999,31.879999,31.879999,4931100
2022-11-14,32.320000,32.320000,30.920000,31.150000,31.150000,2303000
2022-11-16,31.150000,31.209999,29.299999,30.160000,30.160000,3208100
2022-11-17,29.709999,29.780001,28.830000,29.670000,29.670000,2236200
2022-11-18,30.160000,30.230000,29.100000,29.299999,29.299999,1552400
2022-11-21,29.620001,29.670000,28.500000,29.469999,29.469999,1563100
2022-11-22,29.590000,30.139999,28.950001,29.309999,29.309999,1451900
2022-11-23,29.120001,29.740000,28.530001,29.120001,29.120001,1447300
2022-11-24,29.430000,29.719999,29.059999,29.270000,29.270000,1240000
2022-11-25,29.100000,29.719999,28.790001,28.959999,28.959999,1547600
2022-11-28,28.830000,28.950001,28.250000,28.660000,28.660000,1057500
2022-11-29,28.820000,29.840000,28.680000,29.200001,29.200001,1168900
2022-11-30,29.320000,29.320000,28.139999,28.139999,28.139999,4215600
2022-12-01,28.010000,28.290001,27.410000,27.780001,27.780001,2061900
2022-12-02,27.889999,28.610001,27.670000,28.030001,28.030001,2223200
2022-12-05,27.540001,28.230000,26.740000,26.790001,26.790001,3453600
2022-12-06,26.959999,27.240000,26.510000,26.590000,26.590000,2064600
2022-12-07,26.650000,26.799999,25.980000,26.070000,26.070000,2520400
2022-12-08,25.980000,26.110001,24.840000,24.840000,24.840000,3792200
2022-12-09,25.049999,25.379999,24.620001,25.080000,25.080000,2132600
2022-12-12,25.170000,25.600000,24.299999,24.959999,24.959999,2375900
2022-12-13,25.129999,25.900000,24.900000,25.330000,25.330000,2489400
2022-12-14,25.139999,25.420000,24.480000,25.200001,25.200001,2339500
2022-12-15,25.100000,25.100000,23.940001,23.990000,23.990000,4305000
2022-12-16,23.930000,23.930000,22.559999,22.559999,22.559999,6426400
2022-12-19,22.830000,23.030001,22.230000,22.469999,22.469999,2274000
2022-12-20,22.420000,23.980000,22.219999,23.440001,23.440001,3125700
2022-12-21,23.740000,24.080000,23.469999,23.570000,23.570000,1616400
2022-12-22,23.660000,23.660000,22.700001,23.100000,23.100000,1878100
2022-12-23,23.190001,23.830000,23.180000,23.750000,23.750000,1737700
2022-12-26,23.840000,23.959999,23.200001,23.290001,23.290001,833600
2022-12-27,23.389999,23.950001,23.209999,23.930000,23.930000,1507300
2022-12-28,24.030001,24.480000,23.900000,24.010000,24.010000,1742700
2022-12-29,24.150000,24.920000,23.760000,23.760000,23.760000,2765100
2023-01-02,23.860001,23.860001,22.889999,23.219999,23.219999,1345700
2023-01-03,23.139999,23.799999,22.450001,22.459999,22.459999,3033700
2023-01-04,22.549999,22.900000,22.330000,22.410000,22.410000,2553200
2023-01-05,22.600000,23.330000,22.059999,23.090000,23.090000,2609800
2023-01-06,23.180000,23.700001,23.040001,23.230000,23.230000,2042100
2023-01-09,23.020000,23.700001,22.700001,23.389999,23.389999,2023200
2023-01-10,23.299999,23.299999,22.840000,23.049999,23.049999,1936300
2023-01-11,23.139999,23.889999,22.860001,23.760000,23.760000,2572500
2023-01-12,23.760000,24.330000,23.340000,23.910000,23.910000,2680000
2023-01-13,23.700001,23.740000,23.059999,23.379999,23.379999,1908200
2023-01-16,23.450001,23.590000,22.350000,22.520000,22.520000,1962800
2023-01-17,22.600000,23.150000,22.360001,22.959999,22.959999,2520300
2023-01-18,23.200001,23.340000,22.530001,22.580000,22.580000,5225700
2023-01-19,22.500000,22.580000,21.950001,21.950001,21.950001,4029400
2023-01-20,21.889999,21.889999,21.309999,21.459999,21.459999,4968500
2023-01-23,21.500000,22.280001,21.410000,21.660000,21.660000,6811100
2023-01-24,21.660000,23.010000,21.500000,22.889999,22.889999,3750600
2023-01-25,22.879999,23.500000,22.559999,22.650000,22.650000,2894600
2023-01-26,22.650000,22.950001,22.360001,22.730000,22.730000,2942400
2023-01-27,22.510000,23.190001,22.270000,22.900000,22.900000,3110200
2023-01-30,22.990000,23.430000,22.650000,22.719999,22.719999,2082500
2023-01-31,22.719999,23.480000,22.650000,23.330000,23.330000,2586000
2023-02-01,23.299999,23.870001,23.170000,23.799999,23.799999,2049300
2023-02-02,23.670000,23.950001,22.450001,22.450001,22.450001,2993500
2023-02-03,22.420000,22.799999,21.980000,22.020000,22.020000,2855700
2023-02-06,22.010000,22.180000,21.629999,21.990000,21.990000,2237100
2023-02-07,22.040001,22.430000,21.770000,22.129999,22.129999,2703300
2023-02-08,22.290001,22.650000,21.809999,22.540001,22.540001,2783200
2023-02-09,22.540001,22.620001,22.049999,22.160000,22.160000,4280100
2023-02-10,22.000000,22.290001,21.740000,22.049999,22.049999,4013400
2023-02-13,22.180000,22.190001,21.570000,21.709999,21.709999,2320000
2023-02-14,21.780001,21.780001,20.629999,20.629999,20.629999,6413400
2023-02-15,20.600000,20.860001,20.139999,20.490000,20.490000,3725300
2023-02-16,20.400000,20.620001,20.120001,20.299999,20.299999,3154700
2023-02-17,20.230000,20.309999,20.010000,20.059999,20.059999,2810800
2023-02-22,20.059999,20.100000,19.530001,19.840000,19.840000,2253300
2023-02-23,19.850000,20.270000,19.700001,20.129999,20.129999,2677800
2023-02-24,20.040001,20.160000,19.780001,19.870001,19.870001,2594700
2023-02-27,19.870001,20.230000,19.559999,19.860001,19.860001,3815900
2023-02-28,19.980000,20.559999,19.760000,20.120001,20.120001,33109800
2023-03-01,20.120001,20.480000,19.080000,19.750000,19.750000,4660300
2023-03-02,19.660000,20.549999,19.450001,20.469999,20.469999,3911900
2023-03-03,20.510000,21.410000,20.340000,20.440001,20.440001,3254200
2023-03-06,20.459999,21.020000,20.260000,20.680000,20.680000,1755700
2023-03-07,20.440001,21.090000,19.900000,20.430000,20.430000,3961300
2023-03-08,20.459999,21.030001,20.330000,20.680000,20.680000,2709000
2023-03-09,20.459999,20.930000,20.320000,20.500000,20.500000,2925200
2023-03-10,20.320000,20.320000,19.350000,19.379999,19.379999,4683900
2023-03-13,19.010000,19.299999,18.719999,18.930000,18.930000,3073900
2023-03-14,18.940001,19.059999,18.410000,18.480000,18.480000,2729200
2023-03-15,18.290001,18.549999,18.080000,18.350000,18.350000,2418500
2023-03-16,18.360001,18.580000,18.080000,18.420000,18.420000,2379800
2023-03-17,18.330000,19.150000,17.910000,18.910000,18.910000,6708100
2023-03-20,18.750000,18.860001,18.030001,18.260000,18.260000,3187500
2023-03-21,18.330000,18.559999,18.139999,18.160000,18.160000,2242000
2023-03-22,18.200001,18.450001,17.500000,17.500000,17.500000,3367700
2023-03-23,16.799999,17.420000,16.500000,16.639999,16.639999,5526300
2023-03-24,16.610001,18.219999,16.469999,17.860001,17.860001,5856300
2023-03-27,18.000000,18.700001,17.900000,18.559999,18.559999,4049600
2023-03-28,18.700001,20.049999,18.700001,19.629999,19.629999,5402500
2023-03-29,19.709999,20.000000,19.070000,19.340000,19.340000,3495600
2023-03-30,19.459999,20.010000,19.320000,19.590000,19.590000,2629800
2023-03-31,19.580000,19.940001,19.209999,19.360001,19.360001,2257200
2023-04-03,19.209999,19.420000,18.930000,19.240000,19.240000,1791700
2023-04-04,19.150000,19.309999,18.600000,18.870001,18.870001,2665100
2023-04-05,18.860001,19.580000,18.740000,19.540001,19.540001,3658500
2023-04-06,19.540001,19.799999,19.100000,19.530001,19.530001,3200300
2023-04-10,19.740000,20.360001,19.660000,20.309999,20.309999,2330100
2023-04-11,20.500000,20.980000,20.420000,20.780001,20.780001,2770400
2023-04-12,20.770000,20.889999,20.230000,20.450001,20.450001,2238900
2023-04-13,20.480000,20.590000,20.059999,20.360001,20.360001,1838300
2023-04-14,20.450001,21.690001,20.450001,20.799999,20.799999,5664200
2023-04-17,20.879999,20.879999,20.120001,20.400000,20.400000,2154100
2023-04-18,20.450001,20.510000,19.629999,19.940001,19.940001,2470600
2023-04-19,19.740000,19.969999,19.400000,19.780001,19.780001,1751400
2023-04-20,19.860001,20.000000,19.170000,19.350000,19.350000,4021300
2023-04-24,19.049999,19.049999,18.260000,18.510000,18.510000,3535300
2023-04-25,18.420000,19.799999,18.400000,19.430000,19.430000,5543200
2023-04-26,19.510000,19.629999,18.940001,18.959999,18.959999,1875600
2023-04-27,18.820000,19.160000,18.700001,18.930000,18.930000,1801800
2023-04-28,18.959999,19.990000,18.840000,19.790001,19.790001,2725500
2023-05-02,19.700001,19.780001,18.719999,18.809999,18.809999,2645800
2023-05-03,18.830000,18.930000,18.280001,18.889999,18.889999,1926300
